[variousModelsTable.png]
filters=autolight=1;finetune2=1,0.011696,0.207719,0.000000,00000000,-0.017544;Orton=1,25.000000,21.052631,100.000000;
moddate=00000eae5ecf0000
width=631
height=332
textactive=0
[variousModelsTable2.png]
filters=autolight=1;PencilSketch=1,2.000000,100.000000,0.000000;
moddate=0000c82b61cf0000
width=782
height=336
textactive=0
